- name: H_i^+
  slope: 1
  intercept: -1.5484129478442468
  kumagai_charge_correction: 0.3749590221558112
  error: 0.0041978117143826165
- name: H_i^-
  slope: -1
  intercept: 5.93581377726656
  kumagai_charge_correction: 0.33600706726663515
  error: 0.007200238286887453
- name: H_i
  slope: 0
  intercept: 2.6518844599999576
  kumagai_charge_correction: 0
  error: 0
- name: H_{2i}
  slope: 0
  intercept: 0.8803845699999231
  kumagai_charge_correction: 0
  error: 0
